v 3.0 -3 0.0
v 2.4270509831248424 -3 1.7633557568774194
v 0.9270509831248424 -3 2.8531695488854605
v -0.927050983124842 -3 2.853169548885461
v -2.427050983124842 -3 1.7633557568774196
v -3.0 -3 3.6739403974420594e-16
v -2.427050983124843 -3 -1.7633557568774192
v -0.9270509831248427 -3 -2.8531695488854605
v 0.9270509831248417 -3 -2.853169548885461
v 2.427050983124842 -3 -1.76335575687742
v 7.0 4 0.0
v 5.663118960624632 4 4.114496766047312
v 2.163118960624632 4 6.657395614066075
v -2.1631189606246313 4 6.6573956140660755
v -5.663118960624631 4 4.114496766047313
v -7.0 4 8.572527594031472e-16
v -5.663118960624633 4 -4.114496766047311
v -2.163118960624633 4 -6.657395614066075
v 2.1631189606246304 4 -6.6573956140660755
v 5.663118960624631 4 -4.1144967660473135
f 0 1 11 10
f 1 2 12 11
f 2 3 13 12
f 3 4 14 13
f 4 5 15 14
f 5 6 16 15
f 6 7 17 16
f 7 8 18 17
f 8 9 19 18
f 9 0 10 19
f 9 8 7 6 5 4 3 2 1 0
f 10 11 12 13 14 15 16 17 18 19