v 7 4.28626e-16 0
v 6.6961 4.10018e-16 1.05984
v 5.87674 3.59847e-16 1.79759
v 4.79094 2.93361e-16 1.98904
v 3.76868 2.30765e-16 1.57602
v 3.12061 1.91083e-16 0.68404
v 3.0437 1.86373e-16 -0.415823
v 3.56132 2.18068e-16 -1.38932
v 4.51616 2.76535e-16 -1.94059
v 5.61803 3.44005e-16 -1.90211
v 6.53209 3.99975e-16 -1.28558
v 6.98054 4.27435e-16 -0.278346
v 6.57785 -2.39414 0
v 6.29227 -2.2902 1.05984
v 5.52233 -2.00996 1.79759
v 4.50201 -1.6386 1.98904
v 3.5414 -1.28896 1.57602
v 2.93242 -1.06731 0.68404
v 2.86015 -1.04101 -0.415823
v 3.34655 -1.21804 -1.38932
v 4.2438 -1.54462 -1.94059
v 5.27922 -1.92148 -1.90211
v 6.13816 -2.23411 -1.28558
v 6.55956 -2.38748 -0.278346
v 5.36231 -4.49951 0
v 5.12951 -4.30417 1.05984
v 4.50185 -3.7775 1.79759
v 3.67008 -3.07956 1.98904
v 2.88697 -2.42246 1.57602
v 2.39053 -2.00589 0.68404
v 2.33161 -1.95646 -0.415823
v 2.72813 -2.28917 -1.38932
v 3.45958 -2.90293 -1.94059
v 4.30366 -3.6112 -1.90211
v 5.00387 -4.19875 -1.28558
v 5.3474 -4.487 -0.278346
v 3.5 -6.06218 0
v 3.34805 -5.79899 1.05984
v 2.93837 -5.08941 1.79759
v 2.39547 -4.14908 1.98904
v 1.88434 -3.26377 1.57602
v 1.56031 -2.70253 0.68404
v 1.52185 -2.63593 -0.415823
v 1.78066 -3.08419 -1.38932
v 2.25808 -3.91111 -1.94059
v 2.80902 -4.86536 -1.90211
v 3.26604 -5.65695 -1.28558
v 3.49027 -6.04532 -0.278346
v 1.21554 -6.89365 0
v 1.16276 -6.59437 1.05984
v 1.02049 -5.78746 1.79759
v 0.831939 -4.71816 1.98904
v 0.654424 -3.71142 1.57602
v 0.541889 -3.07321 0.68404
v 0.528534 -2.99746 -0.415823
v 0.618417 -3.50722 -1.38932
v 0.784222 -4.44755 -1.94059
v 0.975561 -5.53268 -1.90211
v 1.13429 -6.43285 -1.28558
v 1.21216 -6.87449 -0.278346
v -1.21554 -6.89365 0
v -1.16276 -6.59437 1.05984
v -1.02049 -5.78746 1.79759
v -0.831939 -4.71816 1.98904
v -0.654424 -3.71142 1.57602
v -0.541889 -3.07321 0.68404
v -0.528534 -2.99746 -0.415823
v -0.618417 -3.50722 -1.38932
v -0.784222 -4.44755 -1.94059
v -0.975561 -5.53268 -1.90211
v -1.13429 -6.43285 -1.28558
v -1.21216 -6.87449 -0.278346
v -3.5 -6.06218 0
v -3.34805 -5.79899 1.05984
v -2.93837 -5.08941 1.79759
v -2.39547 -4.14908 1.98904
v -1.88434 -3.26377 1.57602
v -1.56031 -2.70253 0.68404
v -1.52185 -2.63593 -0.415823
v -1.78066 -3.08419 -1.38932
v -2.25808 -3.91111 -1.94059
v -2.80902 -4.86536 -1.90211
v -3.26604 -5.65695 -1.28558
v -3.49027 -6.04532 -0.278346
v -5.36231 -4.49951 0
v -5.12951 -4.30417 1.05984
v -4.50185 -3.7775 1.79759
v -3.67008 -3.07956 1.98904
v -2.88697 -2.42246 1.57602
v -2.39053 -2.00589 0.68404
v -2.33161 -1.95646 -0.415823
v -2.72813 -2.28917 -1.38932
v -3.45958 -2.90293 -1.94059
v -4.30366 -3.6112 -1.90211
v -5.00387 -4.19875 -1.28558
v -5.3474 -4.487 -0.278346
v -6.57785 -2.39414 0
v -6.29227 -2.2902 1.05984
v -5.52233 -2.00996 1.79759
v -4.50201 -1.6386 1.98904
v -3.5414 -1.28896 1.57602
v -2.93242 -1.06731 0.68404
v -2.86015 -1.04101 -0.415823
v -3.34655 -1.21804 -1.38932
v -4.2438 -1.54462 -1.94059
v -5.27922 -1.92148 -1.90211
v -6.13816 -2.23411 -1.28558
v -6.55956 -2.38748 -0.278346
v -7 -1.28588e-15 0
v -6.6961 -1.23005e-15 1.05984
v -5.87674 -1.07954e-15 1.79759
v -4.79094 -8.80082e-16 1.98904
v -3.76868 -6.92295e-16 1.57602
v -3.12061 -5.73248e-16 0.68404
v -3.0437 -5.5912e-16 -0.415823
v -3.56132 -6.54204e-16 -1.38932
v -4.51616 -8.29604e-16 -1.94059
v -5.61803 -1.03202e-15 -1.90211
v -6.53209 -1.19993e-15 -1.28558
v -6.98054 -1.2823e-15 -0.278346
f 0 11 1 1
f 1 12 2 2
f 2 13 3 3
f 3 14 4 4
f 4 15 5 5
f 5 16 6 6
f 6 17 7 7
f 7 18 8 8
f 8 19 9 9
f 9 20 10 10
f 10 21 0 0
f 11 22 1 12
f 12 23 2 13
f 13 24 3 14
f 14 25 4 15
f 15 26 5 16
f 16 27 6 17
f 17 28 7 18
f 18 29 8 19
f 19 30 9 20
f 20 31 10 21
f 21 32 0 11
f 22 33 1 23
f 23 34 2 24
f 24 35 3 25
f 25 36 4 26
f 26 37 5 27
f 27 38 6 28
f 28 39 7 29
f 29 40 8 30
f 30 41 9 31
f 31 42 10 32
f 32 43 0 22
f 33 44 1 34
f 34 45 2 35
f 35 46 3 36
f 36 47 4 37
f 37 48 5 38
f 38 49 6 39
f 39 50 7 40
f 40 51 8 41
f 41 52 9 42
f 42 53 10 43
f 43 54 0 33
f 44 55 1 45
f 45 56 2 46
f 46 57 3 47
f 47 58 4 48
f 48 59 5 49
f 49 60 6 50
f 50 61 7 51
f 51 62 8 52
f 52 63 9 53
f 53 64 10 54
f 54 65 0 44
f 55 66 1 56
f 56 67 2 57
f 57 68 3 58
f 58 69 4 59
f 59 70 5 60
f 60 71 6 61
f 61 72 7 62
f 62 73 8 63
f 63 74 9 64
f 64 75 10 65
f 65 76 0 55
f 66 77 1 67
f 67 78 2 68
f 68 79 3 69
f 69 80 4 70
f 70 81 5 71
f 71 82 6 72
f 72 83 7 73
f 73 84 8 74
f 74 85 9 75
f 75 86 10 76
f 76 87 0 66
f 77 88 1 78
f 78 89 2 79
f 79 90 3 80
f 80 91 4 81
f 81 92 5 82
f 82 93 6 83
f 83 94 7 84
f 84 95 8 85
f 85 96 9 86
f 86 97 10 87
f 87 98 0 77
f 88 99 1 89
f 89 100 2 90
f 90 101 3 91
f 91 102 4 92
f 92 103 5 93
f 93 104 6 94
f 94 105 7 95
f 95 106 8 96
f 96 107 9 97
f 97 108 10 98
f 98 109 0 88
f 0 1 2 3 4 5 6 7 8 9 10
f 109 108 107 106 105 104 103 102 101 100
